-0.6813209
-0.41188598
-0.26199496
0.012967229
0.72892594
-0.7680659
0.078519225
0.54107165
0.16670763
0.31978536
-0.91540337
-0.6865063
0.5233493
-0.24359596
0.24794507
0.46175635
-0.18512046
-0.334566
0.42147923
0.9274095
-1.2836416
3.2865198
1.1970258
-1.4616199
0.066964634
3.0285432
-0.7107092
-1.5727272
-3.9206836
-0.6817758
-9.428359
4.418705
11.308605
6.3657393
-3.6455142
-0.79596794
-9.038421
4.319025
6.793442
-4.3913507
7.171969
-6.53345
-5.5819187
5.275691
2.829638
0.71856153
-2.5219197
0.019708658
0.55196786
0.0036193577
1.5454363
3.810067
-3.23358
-7.2530594
1.0227172
6.708032
-5.105189
6.389111
-7.9359517
-5.707985
-1.1893826
11.943769
-1.4174801
-2.1574552
4.6532702
-7.3420935
0.8172166
-10.626003
4.289632
4.1791706
-7.3591013
-5.4910393
-6.4605165
6.0622334
-5.7148314
2.6399322
1.529043
2.4365206
-4.5473604
-2.6808898
-2.901625
-10.024585
-5.8694882
6.8221755
-5.2357993
5.3201656
8.499096
-1.6646276
2.152298
2.430872
-10.234214
-16.591728
2.2637012
13.655129
-3.0809484
2.3827949
-5.846654
-5.76366
-4.0691853
0.60024554
-3.2870066
-2.4642088
-19.966944
14.581316
12.718375
-15.055964
3.0819325
-3.9209745
-6.714635
-4.131911
-5.772357
-4.9436793
1.2493658
-6.872875
-3.8424513
-8.411839
11.021353
-3.614643
-5.2166815
-5.985772
-10.849747
3.218247
2.9112267
-3.1703436
-6.4750648
-14.034244
-2.1744435
-10.043488
