0.9686456
0.92442954
-0.5865251
-0.4696895
-0.25070107
-0.27420807
-0.07330048
0.75685763
-0.33277965
-0.4185357
-0.1135751
-0.8971033
0.008271098
-0.63291967
0.9979615
0.27374017
0.26080966
-0.4441254
0.819168
-0.31817007
0.015319824
-0.46842098
-0.017097592
-0.7666595
-0.14243174
-0.7263391
-0.38381422
0.0921787
0.4346447
-0.010761261
0.9248291
-0.96923125
-0.58101463
-0.2820109
-0.6547024
-0.5150434
0.09790492
0.6023141
0.11093676
-0.7803179
0.46175635
0.9355117
0.89438975
-0.41188598
0.31978536
0.38989592
0.48796892
0.15420043
-0.97863126
0.94766796
-1.3114073
0.68371004
1.5402676
-0.6267375
-1.5992417
-0.41477382
0.82408434
-0.8204978
-0.25332057
-0.46062183
2.17163
-1.3854984
-6.003177
-0.4393244
0.6967667
-0.2824121
-3.440327
0.14692202
-2.1601744
-4.934503
-2.5620637
-1.4558535
-1.2966377
-0.43858793
2.8659966
-1.4234909
-1.0043781
-2.6420376
-0.1440382
-2.2305741
-3.4376001
0.1735381
-2.1030693
0.28144896
3.3526843
-4.2945466
-0.69952184
-0.12970118
-2.984584
-0.5815323
-1.4199054
-2.1789563
-0.61067873
-2.0358496
-2.0670266
1.0089444
-0.08921852
-1.1399248
-1.7447115
2.9014127
0.838911
1.3604206
0.33203313
0.41743213
-2.0725768
-0.34428474
-0.40752625
0.091115296
2.880786
-1.3033161
1.268017
-1.3707869
-1.4045634
2.08898
1.8836972
-4.1211796
-1.5624926
-2.4819608
-0.30539984
-2.679913
4.0058684
1.8435925
4.9063034
3.9306114
-1.8030297
-4.4496
1.7626224
3.3303616
-5.837188
3.7289596
3.1051855
-2.7132623
-2.9361174
-1.1318843
10.20999
3.3355885
-3.9589036
1.0918003
2.760042
-4.246838
-5.127121
-1.7059364
-3.497615
-5.0975156
0.82535136
3.376874
-1.7270631
-5.7616706
3.850268
-2.5414853
-3.1346362
-2.664903
-4.1145124
-3.452849
6.7717824
5.2700605
-3.2757287
-5.9536624
5.539428
-4.619639
-4.3377576
-1.274445
-2.6986926
-3.1007812
3.6124816
3.564629
-2.795158
-3.6505337
2.6743639
-2.5823748
-6.487369
-3.8501806
-8.237827
-7.8051705
9.794511
8.286592
-6.0548816
-7.8387985
6.6116514
-6.2282085
-3.8204267
-1.4547457
-3.167152
-2.8288124
3.467062
3.3906062
-1.8100258
-3.8862126
1.720814
-2.5362735
5.606323
1.7124337
4.648004
4.8223906
-2.4392533
-5.1636596
1.9998934
3.232296
-4.670981
4.3852
0.15595946
1.5602049
2.5890973
1.3913364
-6.2332067
-1.4990138
2.4220974
0.7766516
-1.8601035
3.0024002
-2.600701
-1.0664588
-4.670976
-4.6487093
2.9145415
2.521727
-1.8825802
-5.206058
5.453888
-4.4643655
-4.4591107
-0.2640812
-1.0756899
-1.0597571
0.6989163
-1.3762504
0.94469064
0.11582665
-2.2634623
5.041061
0.97020036
-0.6312658
1.5850372
1.278859
-0.5540639
-1.7271609
1.3499503
-0.1435356
-2.411724
0.9596288
-2.9447784
-0.8797248
0.6418042
2.0230954
-0.19631523
-1.4781291
2.6198125
-3.2496605
-2.9388556
4.017275
-2.7174468
-1.0791857
2.2950075
0.48334357
-0.9573086
-1.9151311
3.7422597
-1.9544728
-2.1099515
2.5160627
1.7814729
0.87091696
-2.986058
-5.580323
5.1933947
1.5618705
-0.19158508
3.3860793
3.3005927
-1.0185452
3.8265126
-1.0481203
-2.7620497
-1.1826103
1.3505702
0.35082495
-1.343441
0.93107456
6.5235376
-2.809015
0.6382749
-0.32469583
3.001098
1.6651466
-1.1686862
-1.361048
0.82621765
-1.389038
-2.6379542
1.0998119
-4.3187165
-0.25427777
-1.6674191
-1.1719044
1.2230709
-0.29417562
0.12607889
-1.2304509
-3.3212357
4.642338
3.2167397
1.2076923
-3.412265
-1.6469451
0.39604402
1.5781775
-4.6411467
2.2915971
4.87023
-2.8973198
-1.209565
-1.6335891
2.949877
2.0787857
-1.4910176
-2.0252848
1.2470183
-1.2233945
-3.4755237
2.3878465
-3.0941637
-0.699445
-0.13611916
-4.8191442
-4.4765935
-4.2591577
-3.6023455
-0.008692767
-0.40791538
0.5512425
-0.28851354
0.6189936
0.98567796
-1.0641539
0.37325504
-1.749439
-0.7767813
0.3888517
0.14570746
0.26417968
4.6103625
1.1019124
-0.27227798
3.1052248
1.386164
1.7197216
1.8049816
-0.94391423
-0.93345517
-0.9491019
-0.5432606
0.19016837
-2.768297
-1.0022546
3.656928
1.2908369
0.7324316
-3.078296
-0.5523935
-2.512256
-1.5695012
-0.9218751
2.3445058
-0.7284798
-1.2599506
-1.8544735
-1.8432227
1.7391295
-0.8976103
1.9589541
-1.8921047
-0.8518147
1.5163943
-2.3203337
-0.6391302
-1.7240459
-0.50451034
0.43859166
-1.0293941
0.6637562
-0.050322346
0.3273694
-1.4020832
3.1374326
0.9755849
5.1730866
0.32513186
-1.1477128
0.039259363
-1.0513396
-2.0163858
-1.1207193
2.1834702
-2.637249
-1.8077105
-2.7370565
-1.2678052
0.7141191
-1.2736319
2.2048626
-2.2575517
-0.7823162
0.37482375
-2.6727943
-3.2805274
-1.2099278
-0.78922987
5.9553514
-1.2391328
4.6673093
-0.5547517
-1.5290096
0.2714044
6.705509
3.4447403
1.3297974
-0.5593769
-0.7161778
0.37356335
-2.4853997
2.5829625
-1.9770116
-1.4481621
-1.406621
-3.1036623
0.55390435
-0.66153616
1.3077607
1.590782
-0.94713664
0.36878428
-0.15601747
-1.0061988
-0.09748597
-1.010364
-1.3560964
-0.28024754
1.1957741
0.5267088
-0.17650534
-1.3685409
0.9749162
-0.005576164
-0.046672657
1.4541149
-1.8928406
1.6781112
-1.7909614
-2.3675733
1.0326469
2.028283
-2.9669635
-0.97837454
-1.754578
-1.569425
5.728215
-1.3487316
1.2345061
0.07609734
-0.61696726
-0.39355922
-2.4629297
-1.9103491
0.12772281
2.3774602
-1.3182348
-2.8032403
2.9968042
-0.26636744
-2.2523901
2.9302785
-1.6653806
-1.3964334
-1.4665186
-1.067308
2.986305
-2.2367156
1.9349266
3.7190561
-1.1372988
0.4387005
-1.233072
-1.6970922
-1.1658356
-1.8716769
0.14302868
-1.9743963
0.77681273
1.3447306
-1.3333644
-0.044335622
1.5381283
3.5039926
-0.47788295
0.18111327
-0.3954063
0.7198791
-2.3840253
-1.8743649
2.0409536
0.5331398
-0.82472414
-1.9666889
-0.904497
1.1486225
-0.18520859
-0.75500864
0.2569296
-0.1478355
-1.4456493
-1.6026835
0.9030459
3.0257146
0.72234267
0.03555182
-2.3805857
2.51895
-1.5301162
-2.1225412
1.7094907
-0.30437487
1.5459232
-0.6808576
0.73726755
1.8904597
-2.4585605
0.032436002
-1.8460466
-0.10638117
1.1351182
-0.32604834
-1.3475956
1.014661
-1.8399106
-0.89525115
1.706713
-1.355077
3.1512606
2.0489976
-0.9459706
-0.6380865
-1.6055702
2.3428338
-1.5614573
-0.9018142
0.32805228
-1.7377532
2.2601597
1.8015058
-4.660758
0.22749668
-0.9242156
-0.39081845
-1.753236
-1.0013078
2.0535057
-0.78682184
1.7038151
1.1048596
0.013667153
0.93991494
-1.4815251
-0.71541286
-3.146338
-3.4046354
2.143538
-0.90628374
1.6968237
-0.40725422
-0.24089424
-1.0351528
1.8053002
-1.7333925
2.1131792
2.9898014
-3.908327
1.550213
-3.5601246
-1.0568817
2.0975707
-1.8447818
-0.26201364
1.5367666
-0.94975674
-2.051023
0.7120524
-1.5176966
2.862849
2.676854
-1.2452799
0.727139
-0.2330809
-2.5435069
0.5508157
-0.30217087
-0.55587834
0.5719566
-2.837131
-2.938159
3.2207675
0.42477933
1.970176
-2.4264562
2.6806772
0.45274103
-1.8056147
1.3154137
-2.51503
-3.0302424
1.597831
-1.7824191
-0.46922132
2.3325467
-0.878502
-0.11687619
0.7544622
-0.33340657
1.8156744
1.3337675
-2.298563
0.34901452
0.711287
1.9581103
-0.27724242
-1.4521021
-1.5408791
-1.6118685
0.08910866
0.6373623
-0.09423256
1.0545784
1.4784443
1.2269421
0.9707299
-0.64194006
-0.85167843
-1.2801661
-2.111075
-2.180414
-1.4943151
-1.8903415
-2.2354586
-2.0201538
-1.9831625E-5
2.1518383
2.3678856
1.2063987
1.2991613
1.3640472
1.9027646
1.130638
2.74724
0.567273
0.7422516
-2.5917919
-1.4799937
-0.43323082
-2.7600489
-3.1545606
-2.5440526
1.6674571
1.5241
0.20736162
1.7566587
-1.5822434
-0.32683158
-1.6145203
-1.678084
-3.366185
-1.141844
0.93419695
-1.8999239
-0.34384668
-2.1987035
0.10619784
0.26020095
0.13789082
2.7934227
4.543134
0.090016626
1.6240213
1.8337224
1.2983297
0.085895725
-1.3187139
-1.6452291
-1.6570324
-1.6862307
-0.5475448
-2.2393527
0.1324667
-5.2641234
-0.81212217
-1.3837141
3.5092995
0.66234404
2.2623706
3.1371348
5.154343
1.6477844
-1.4229856
-1.1194704
-2.7251751
-1.4201736
3.150777
2.7374675
2.2735834
0.37702358
2.005844
2.0996792
5.101433
2.6251643
2.7229578
0.34053415
-2.9177313
-3.140438
-3.023495
-0.77578026
1.7355453
-2.5383303
2.8075507
0.9244901
0.20333768
4.176917
5.223426
-1.7964052
0.4556011
0.0734616
1.850832
-0.7486016
6.325214
1.7089474
4.6343145
5.169126
2.8865929
-1.2119527
1.4406801
-1.3931152
6.2232223
-1.1298734
3.663177
0.22186673
0.054050285
3.299386
3.0519388
-3.7929387
0.53365755
-0.41213492
1.0156695
0.17402126
0.77895683
1.3827399
1.787468
0.70147544
0.57146066
-1.3216563
1.1479046
0.508699
1.5688058
-0.35703248
-4.521471
-1.5662742
-0.7208899
-4.3328843
-1.3432959
-1.1896558
-1.1593299
-1.0556074
-3.1500785
-0.93244535
-1.739232
-0.64563227
0.50145674
-2.863467
-3.0866945
1.6694472
-0.6909061
-0.21321046
0.5178836
0.05846857
-1.2229971
-0.9513721
-0.0019347798
-2.6931
-4.687117
0.6240654
-1.2873309
-0.39921704
0.33826956
0.088470034
-2.2048655
-1.4025698
-2.082526
-1.4753237
-0.92265594
-1.7972382
-2.9331834
0.19332585
-5.4049106
-0.7652344
-1.6910838
-9.191847
-2.5898871
-0.01901945
-0.5743552
-3.1657197
-6.669012
-1.8929415
-7.076384
-2.045597
-3.1607072
-1.6029837
-1.202118
-2.7180166
-0.34211487
1.2035346
-0.38345456
-0.31605142
-0.88750094
0.32598245
-4.8038154
-6.141988
-3.736441
2.3493977
-8.297476
-1.2768841
-4.6878886
0.11643608
1.9101082
7.750785
1.6194676
5.642223
1.8737857
4.2342896
2.606514
1.8415334
-1.5165473
-1.5607771
-1.2377988
-4.34018
-2.0228639
-1.3917586
-0.57006836
-4.7227244
-1.4710441
-1.811162
-1.2009171
-4.8420467
-1.411449
-2.181157
-1.2258779
4.5613613
-1.3286551
-1.8598007
-0.29384154
-1.9482216
-1.6675878
-0.54462814
-0.69947
-0.5277168
-0.80431056
-5.8383164
-1.4566503
2.090802
-1.2785572
-2.2658424
-0.9054454
2.534804
-4.5305586
1.9028006
-5.331348
-0.14547282
2.2893863
5.9468317
-2.4765313
-1.403553
-3.0587115
1.8931942
3.7113464
-3.159409
-1.9578764
2.7975717
3.0271947
1.3268132
-0.81604195
-1.3836133
1.1770009
2.736738
-3.089775
-2.4570453
2.398643
-0.5656342
3.5785809
-2.439385
-1.9825653
-0.45921507
2.5407495
-2.0000074
-2.7614732
-0.01145926
0.53866863
-1.5198839
-3.7158523
-0.7558222
0.033012982
-1.0230464
-5.177658
-0.35257035
1.419955
-0.8545796
-1.3442588
0.19637038
0.7899553
-1.2650039
-1.2445565
-0.6647372
-1.662715
-2.5393195
-1.435552
-1.2287836
-3.0164342
-2.2429638
-1.0517952
-1.897673
-1.6466342
-2.126741
-2.6953092
-2.5930948
-1.6903714
-3.8038034
-2.8886874
3.7553606
-0.30546358
0.09269417
-0.8084896
-0.1726392
-0.63773626
-0.65657973
-0.40101516
-0.118252575
-0.32902187
-0.36634982
-0.053726383
-0.5077383
-1.0551958
-0.7245909
-0.1145766
0.10312451
-1.5732535
-4.2535605
-1.5848349
0.2521151
-11.334624
-4.432519
-2.0378098
7.1626253
-1.5965183
-0.49550614
-4.867075
6.95994
-1.265059
0.0096835885
-5.554409
3.8643491
-0.55087787
-1.1276599
-0.18991855
-0.5054516
-0.6858073
-0.30923072
-0.17070565
-0.99316394
-0.5165072
-0.7401986
-0.38794938
-0.1627503
-0.46627322
-0.75122714
-1.1973814
-0.5260562
-2.7321134
-2.7259452
-2.7306926
-2.7302177
-2.7237377
-2.728806
-2.7284417
-2.7268288
-2.7292912
-2.7259498
-2.7317
-2.734704
-2.729641
-2.731857
-2.726541
-2.737137
