-0.71595466
-0.4499402
-0.03654349
-0.84922445
0.08910954
0.22118306
0.15420043
0.90986145
-0.590173
-0.45186186
0.24672759
-0.61959565
-0.6305859
-0.9974029
-0.97863126
0.3670529
-0.6779134
-0.02748084
-0.6438904
-0.024970055
0.080794096
-0.74685013
0.94766796
-0.73958266
-0.5091469
-0.58744824
-0.21095824
0.69131124
-0.56479585
-0.18691838
-0.13598633
0.89967966
-0.5336884
0.041558266
0.77981746
-0.22549915
-0.9233463
-0.45738852
0.18475842
-0.7743585
0.3103472
-0.54239607
-0.760322
0.9837642
0.30495334
0.17249668
0.9686456
0.92442954
-0.5865251
-0.4696895
-0.25070107
-0.27420807
-0.07330048
0.75685763
-0.33277965
-0.4185357
-0.1135751
-0.8971033
0.008271098
-0.63291967
0.9979615
0.27374017
0.26080966
-0.4441254
0.819168
-0.31817007
0.015319824
-0.46842098
-0.017097592
-0.7666595
-0.14243174
-0.7263391
-0.38381422
0.0921787
0.4346447
-0.010761261
0.9248291
-0.96923125
-0.58101463
-0.2820109
-0.6547024
-0.5150434
0.09790492
0.6023141
0.11093676
-0.7803179
0.17563164
0.037573695
0.5783813
0.053451896
0.46175635
-0.79905367
-0.17983842
-0.18512046
-0.5845704
-0.92752934
-0.334566
0.31773436
0.9355117
0.42147923
-0.98776567
-0.6945276
0.9274095
-0.68084395
0.8797307
0.10814452
0.89438975
0.82190084
14.3651705
10.964125
11.758408
8.789338
4.181128
0.116942145
-1.0501072
-4.6619644
4.449285
-0.37380478
-1.3290086
-6.2625666
-7.755966
-12.916877
-14.164066
-17.259365
6.719315
6.1528616
3.5938709
0.38648334
-3.1944745
-2.351141
-8.480353
-8.560226
-1.6908007
-3.2822216
-8.674172
-11.062334
-10.120517
-11.157619
-13.661673
-13.7771225
3.587591
5.5684366
0.12609433
1.7975687
-2.5624835
2.0620565
-5.208475
-2.0365436
3.1196659
6.3817477
-4.122194
-0.062499285
-3.4224806
0.42570212
-8.471443
-6.538495
0.35754362
3.0729387
-1.8222953
0.7555636
-3.4010642
-0.40927222
-5.3069763
-4.430358
-0.54898
2.7709153
-5.172242
-3.0293632
-4.6650276
-2.6369176
-8.184163
-7.4615517
-5.7988024
1.9895765
-6.9089813
2.4386106
-8.561589
1.2669332
-10.888057
-0.7776902
-6.970647
2.6589031
-6.111836
4.276103
-8.31686
3.01247
-11.803981
1.9388719
-3.1333919
6.66287
-4.897233
6.7118526
-2.9953978
5.46603
-4.465151
5.554006
-7.3494787
4.818807
-7.612764
4.5170784
-6.906228
4.797529
-8.512233
3.5488245
15.961906
20.476442
0.94963557
4.86264
6.3848987
14.235074
-6.6875715
-2.979669
0.8374806
4.7054257
-11.072052
-10.2514515
-6.1993656
-4.6239862
-13.066048
-14.17029
5.2122293
12.57125
-4.8380756
0.82746416
-0.7659059
5.5994024
-5.6419034
-4.05286
-6.2783976
-1.2418243
-9.673589
-8.846498
-7.98235
-5.6304164
-9.180246
-7.908233
-19.002237
-2.309622
-16.99103
1.7067387
-27.14014
-9.004909
-24.45948
-3.3710654
-6.154008
11.590758
-0.18931302
17.289518
-10.154726
6.9881124
-2.9798083
16.498966
-11.405519
-0.08487226
-9.865106
4.5908303
-20.777048
-5.051259
-12.458516
5.9119716
-2.723279
12.78847
5.7829084
20.476282
-3.1933303
11.654093
7.5776467
22.7353
9.836353
-4.8647876
-1.8956219
-10.070294
3.317743
-5.240872
-7.1069293
-7.4015527
2.1733804
-6.9210186
-6.0073037
-6.8525133
-2.5488563
-6.8170757
-9.477626
-6.1393685
20.232086
1.8144059
5.712064
-7.1662703
13.8917
1.6078312
0.07099305
-5.2854276
10.147455
-1.7683412
-2.7449088
-7.382951
2.1962729
-5.079758
-7.264947
-8.092262
-3.5309951
-8.383742
15.011805
9.2885895
-22.307285
-26.130297
-0.0066112597
-6.6950545
-8.109031
-14.039382
13.377545
3.06998
-20.976477
-22.920372
-3.837197
-11.394902
1.3740522
-5.4340305
22.527416
14.735737
-17.054815
-20.504503
7.1917367
1.357593
1.3050799
-7.407482
22.999832
10.172058
-16.111391
-19.617634
3.3582122
-7.7619085
-6.0671387
-11.184872
-7.4975414
-14.675502
5.83228
-2.2491019
1.7260439
-4.187942
-11.419392
-24.122469
-11.341489
-24.02625
0.67016083
-15.292176
-1.1951855
-15.111536
8.878476
7.990821
8.989297
6.2332273
10.918601
10.266363
9.312076
8.425987
3.3050177
-5.913494
5.458603
-3.8055532
10.848014
2.3249497
8.121011
2.5058243
2.9907463
-9.858361
10.990834
-4.699554
12.950788
-2.2376227
17.21045
4.286232
3.6638331
-11.608145
11.312549
-2.205929
15.591345
-3.3448136
21.21909
4.739517
-7.6640515
-26.364096
-0.5250109
-23.127441
4.088738
-17.614914
11.208764
-11.6652975
-6.629225
-22.40211
2.7854826
-15.10438
7.180941
-16.557398
12.952952
-9.499215
2.8079784
-14.724111
-2.5378332
-24.352306
12.839128
-7.3277617
10.671473
-19.358223
11.978507
0.69144636
9.400225
-5.111993
16.986376
9.177679
20.02875
5.4241443
-1.4782615
-27.835527
-8.243487
-33.613407
4.924955
-22.11837
-1.6552094
-30.541714
14.990372
-4.04864
11.972429
-11.084251
22.004347
3.3938332
19.083689
-4.960851
-7.384728
-7.165716
3.5104895
5.6682987
-0.24439734
0.49060854
14.747853
14.606377
-12.087331
-13.7702265
-3.0240083
-1.2798619
-8.510518
-10.101501
10.667184
10.681279
-12.58238
-10.087235
0.7992725
6.19601
3.184662
4.1447473
17.528393
21.465385
-21.059208
-18.60144
-10.127404
-3.055077
-9.528639
-7.7494535
10.83355
15.443232
-0.6920436
9.239315
-3.1105468
6.3427744
19.041533
30.903906
11.497625
21.223917
-8.3213415
4.3787494
-10.053309
-0.5773745
12.409616
28.154902
2.606197
14.979198
-10.924105
-6.1135345
-14.338311
-7.993101
3.77749
16.498058
-3.6815903
8.839502
-20.78275
-12.394834
-20.573622
-14.928424
-8.388235
10.229964
-15.993591
-2.6438704
0.17377046
4.6234484
5.0900693
11.235506
-6.6932235
-2.1756778
-2.035051
4.5038567
-0.76760864
4.713928
2.227827
10.03858
-10.4583645
-4.812116
-5.4641957
1.375949
-1.4249084
3.7392664
1.0462214
8.523456
-11.97119
-8.14721
-11.029648
-5.0473843
-4.922612
2.524724
-2.8011332
4.433304
-18.917585
-13.242794
-16.032791
-10.429817
4.807978
-14.636682
2.2683682
-15.753466
3.9278038
-13.864958
1.6281315
-10.718418
24.256891
2.7806723
18.451674
-3.0784857
25.545444
2.0014734
20.024681
-1.406247
-6.7286367
-17.818298
-5.293374
-13.605923
-6.139877
-12.823483
-5.5963
-10.298364
10.133386
-8.267088
4.8498406
-9.135484
7.461392
-8.118427
3.7273693
-6.814011
5.6501684
11.481743
12.806638
18.039772
8.231086
13.884849
13.848246
20.184143
-4.557328
5.3987265
0.75890654
10.785736
-3.9916365
3.6445868
-0.9961763
4.818285
-7.0064187
3.6130326
-4.3843102
8.713499
-7.048921
2.057558
-7.195625
2.0537076
-20.459631
-9.613651
-20.35377
-7.928308
-19.666185
-14.335199
-22.678894
-15.84487
0.43850335
3.0024626
-16.056305
-13.547493
-8.304085
-3.782951
-26.417635
-22.342316
3.6323025
2.7818863
-15.577495
-16.869804
-8.599849
-6.8041077
-30.69988
-28.808947
16.876326
19.996637
3.7056918
4.6381226
12.425629
16.679386
-8.496958
-6.2184105
19.49179
19.957125
0.98191684
-1.7883036
7.420513
8.570204
-13.639783
-16.356272
-7.031354
0.19851518
-3.3065856
5.3597646
-10.648903
-4.6319094
-5.124489
2.3466558
0.72942275
5.351181
5.0709343
10.938048
-2.7958624
1.8665231
4.110462
10.437728
-12.9981985
-6.2061496
-12.055929
-3.1035914
-19.466688
-14.084529
-17.843372
-10.03173
-0.6920247
5.5862665
1.3728827
12.257886
-6.591388
4.3577986
-1.1446211
12.136476
2.3569708
1.2784073
-11.085726
-13.7648735
10.972867
9.529
0.38793477
-5.3510437
-0.35703442
-2.7531123
-16.598434
-20.575775
9.780067
7.7938843
-7.9742565
-14.560239
6.4402637
5.91601
-10.43314
-10.739659
17.25279
14.478933
5.681643
-0.45962948
-0.6854036
-0.38366625
-17.372805
-20.03052
11.359371
8.695616
-6.4973936
-11.799374
-5.5239
-5.3313007
-5.787104
-4.7196717
-11.819983
-14.952215
-12.08925
-11.859791
-4.5855184
-3.8141143
-3.3529892
-1.7028632
-11.09673
-12.468995
-10.901294
-9.281483
0.3393619
1.347209
2.8962824
0.5225785
-2.6170428
-4.126795
-0.9301902
-3.0303533
3.094617
1.4921376
2.5835752
4.240443
-3.6595821
-6.6937194
-2.3134809
-2.3875475
