0.04627025
-0.953164
0.48796892
0.41001987
-0.71595466
-0.4499402
-0.03654349
-0.84922445
0.08910954
0.22118306
0.15420043
0.90986145
-0.590173
-0.45186186
0.24672759
-0.61959565
-0.6305859
-0.9974029
-0.97863126
0.3670529
-0.6779134
-0.02748084
-0.6438904
-0.024970055
0.080794096
-0.74685013
0.94766796
-0.73958266
-0.5091469
-0.58744824
-0.21095824
0.69131124
-0.56479585
-0.18691838
-0.13598633
0.89967966
-0.5336884
0.041558266
0.77981746
-0.22549915
0.46175635
-0.18512046
-0.334566
0.42147923
0.9274095
0.10814452
0.8741642
0.8279257
-0.41188598
0.72892594
-0.73634326
0.20839238
-0.5931091
-0.69017655
-0.23606876
1.5648341
-1.0587648
0.6271152
1.2008733
-0.85139996
1.1573219
-2.0806477
1.4677229
0.17112121
-0.21585137
0.37761557
-0.9888595
-0.56052446
-0.33911765
1.3806905
-4.4178863
-1.7594935
1.4918013
0.00980508
1.9247351
-2.0344665
-1.660922
2.7651718
0.5652717
3.2016394
4.332205
3.9398544
0.58067554
-0.6424089
-5.089177
-2.073745
-1.5507064
4.2042212
-4.8297553
-0.81627756
-3.674555
-3.0628786
0.46360293
-0.03703572
4.570774
0.18007098
1.0892807
-2.0853386
2.8227093
1.6913387
-1.1607056
-0.9506431
-0.8279336
-0.34284
2.686088
0.20884725
-1.0683135
-0.957303
3.7504134
-0.22989291
1.9162639
-0.43613657
-1.9157691
-0.53392017
-4.1325035
0.8878576
3.1080701
1.5784373
-3.095904
-0.014616658
3.1979616
2.0672987
4.701293
1.2722349
1.1032467
-4.3885913
-2.9205081
-3.3937373
-2.3570986
-1.1649458
2.4593546
-0.4713111
-5.1932836
-0.40593734
-0.26550922
6.1558275
5.1577783
-1.9114558
1.6782511
-2.7049963
0.3763898
-0.5891805
2.4237905
0.42568165
-1.7337117
-0.8452867
4.5855727
-5.1722264
-4.8965263
1.3983996
3.228376
1.1647799
3.1162279
1.622489
3.1931999
-2.7355638
-2.7839677
-4.9729366
2.1112316
-3.1858978
-4.3367624
-0.7748576
1.2542223
1.6349113
2.5883756
-1.2641325
-3.052544
3.332568
1.7721845
3.2841558
-1.6094711
-6.3974605
1.1831584
-5.7703557
4.3114758
-2.4198368
-3.5448496
-1.4694086
4.404284
3.59943
-0.5637766
-2.645937
0.18857321
-1.9636312
2.9060643
0.9424766
-2.2170258
-2.9429843
1.7346343
2.2967207
5.7030888
-0.4248518
-4.387264
2.9663584
-0.677636
-1.8628523
-6.2958574
-1.9791287
3.6830504
1.1104702
1.0551741
0.22925289
-0.88016576
0.3301894
-1.4976956
0.22568414
-1.1676102
0.025727887
1.5958211
0.78183764
2.7971668
4.6175265
-6.1672177
1.1758457
-7.454001
-2.1887226
0.8809624
-0.41980454
2.7556338
-3.9375515
-4.5748377
-0.9642303
3.757626
-2.797974
-1.3491111
-0.7625594
6.357274
4.3085785
-2.4973943
-0.982884
-2.0965626
-2.783882
3.4723282
-1.139186
0.96059734
-3.4060402
1.4675462
7.9965777
-2.280547
-0.7372808
-0.7980193
1.1259661
3.7240891
3.8172183
2.047949
7.2980447
1.7811654
-4.279843
-5.4387817
4.5071135
-1.8117255
5.461631
-2.2279954
-0.8639621
-6.4401894
-0.23195527
5.338337
-1.9943087
0.15994026
-3.703765
3.1297872
1.5207748
-0.2412726
4.9204235
-0.8335636
2.2762604
-0.5265356
1.6529455
-2.3895621
-0.22448443
2.3130322
0.65785766
-5.0525756
-1.2592803
4.060813
2.545992
-6.1488957
-3.6942399
3.9173717
0.43852574
-4.30854
-1.1069442
2.7494955
-2.1201966
-6.7229605
-4.244344
-4.6748233
-6.3409123
-6.8935595
-3.1142876
-4.0007277
-5.4528527
-4.5895805
-4.08212
1.3348088
4.1951156
4.1903224
-3.2116177
1.5420514
1.4137784
4.15379
-4.091441
-3.656853
-5.1223326
4.64264
2.6002655
3.5509233
-1.4118446
-2.1955495
2.4307678
-7.7583337
-4.36465
-1.6610928
-5.486173
-4.3963056
-6.2472067
3.8237822
0.6088172
1.9832081
-3.1780465
-3.7763603
-4.2763824
3.8981261
3.4952333
-2.978916
-4.148593
2.466001
0.8184784
-4.2390924
-8.0475645
1.6041248
1.7640227
3.2342772
-1.0489612
-3.781306
-1.5215173
-5.3891063
3.5365326
-2.4977608
6.405816
4.4172306
5.2168236
-1.1021323
-2.1670475
-2.804157
-2.7763329
-2.7172422
-4.8356056
-4.7523694
-7.020973
-1.8996944
-4.167214
-6.5130024
-6.0687394
-0.17548953
2.4486415
2.5562599
0.79323643
-3.8425076
-4.69233
-3.9905791
-2.7031918
2.0654485
5.696062
5.4534636
2.665022
-7.2190466
-2.6680703
0.80167174
-6.6924124
-4.848248
-5.442472
3.4803903
-6.4830775
4.098729
-5.368495
1.812539
2.4837947
2.1888437
-5.907408
-3.78035
2.830298
8.028848
-5.6051965
2.1914172
3.6747062
-2.4945903
-7.1024675
4.076235
-5.654389
2.5645487
-5.9994164
2.9328005
1.4715912
-3.9147577
-5.7461047
1.1211346
-6.9751906
-2.1574488
2.8095021
-2.7226799
1.8175578
-8.513632
2.8177142
-7.89439
-4.452248
-0.42376232
3.2455726
-5.3775935
5.703505
-7.8920994
-0.9289622
-4.636626
-3.720503
-1.8109969
3.609253
0.3254073
-0.25866202
0.0818615
-4.9196343
-1.0459595
0.20171931
-9.037451
-6.268418
-6.77114
-5.4244018
-2.783018
4.6378903
-2.0308254
2.776262
-3.417126
-0.92406654
-1.6577388
-5.2806835
-3.9192555
-7.1570125
-5.691458
-0.74951965
-9.368543
-1.8979284
-0.9613776
-1.7386844
-3.0518446
-5.716905
-7.462075
-1.5489213
