0.012967229
0.72892594
-0.7680659
0.078519225
0.54107165
0.16670763
0.31978536
-0.91540337
-0.6865063
0.5233493
-0.24359596
0.24794507
-0.7204747
0.75852585
0.38989592
-0.09956324
0.6104555
-0.99029493
-0.9899497
0.7045071
0.04627025
-0.953164
0.48796892
0.41001987
-0.71595466
-0.4499402
-0.03654349
-0.84922445
0.08910954
0.22118306
0.15420043
0.90986145
-0.590173
-0.45186186
0.24672759
-0.61959565
-0.6305859
-0.9974029
-0.97863126
0.3670529
0.46175635
-0.79905367
-0.17983842
-0.18512046
-0.5845704
-0.92752934
-0.334566
0.31773436
0.9355117
0.42147923
-4.3589144
10.517332
-1.4385372
14.359302
-43.266743
-61.762695
-16.761642
1.9031711
-1.3522953
10.762128
13.8744335
30.026619
-18.75408
-9.7697
-9.622093
2.319381
-0.13808079
18.3818
-18.638124
-8.430174
-26.285772
-0.9081605
-36.828045
-30.067999
8.248511
25.778643
-14.0680685
2.0436833
2.3267844
19.339233
-23.909649
-5.129072
-1.2820784
4.5737047
18.161835
16.192047
-26.047337
-15.117665
9.125493
4.2962737
-27.892534
-12.696649
-17.211182
-14.571625
-16.768892
-13.205176
-17.332363
-22.211145
-8.554186
-28.662733
2.7506063
-16.935915
40.693367
42.870953
31.669905
20.79818
-29.537813
-38.45632
-25.744276
-31.610239
6.5932693
-2.9264977
18.061113
21.567026
2.3882773
-6.182006
-15.860169
-15.661766
13.4565935
17.188818
-23.104803
-26.008585
12.90749
8.5802765
-3.6750047
-26.022192
16.823168
16.790478
-3.1384392
-15.059493
6.6320233
-17.6215
-4.367779
-16.830547
-1.5488878
-32.634205
-11.1980095
-22.610853
42.86553
7.199913
29.071505
-5.138375
27.447926
-0.020137697
5.7567945
-17.98879
-1.8325982
-37.303062
-4.204175
-33.17643
21.664648
-61.27739
10.508056
-28.286413
18.296822
-19.193092
15.508668
-23.588923
31.253439
4.0026655
30.340467
4.0030246
28.248995
18.774918
-1.7144189
-15.74436
52.915928
61.223152
-12.393108
-17.20039
-11.144566
-11.955263
-52.972435
-53.303802
0.86810815
-7.5928454
-24.261648
-25.649107
7.852925
5.6899724
13.381727
1.1836655
-7.9260507
-35.554092
-0.9818942
-29.934958
36.403915
2.1724997
44.114243
-4.9290953
-1.3618373
-19.409014
-13.566672
-37.709557
-12.94606
-9.185955
-7.1338997
4.575835
-7.2397485
-5.0547533
4.0312347
18.960789
-10.069905
-2.0237875
3.6496015
25.06536
-12.202688
-0.9783043
5.4195724
16.520538
-4.92657
8.330115
-2.8562138
10.802553
-8.95526
44.002636
-4.9954104
14.5426855
-16.848185
-2.1387255
-12.315186
3.9722
-16.758446
-10.324239
-10.345104
-6.8098674
