0.15420043
0.90986145
-0.590173
-0.45186186
0.24672759
-0.61959565
-0.6305859
-0.9974029
-0.97863126
0.3670529
-0.6779134
-0.02748084
-0.6438904
-0.024970055
0.080794096
-0.74685013
0.94766796
-0.73958266
-0.5091469
-0.58744824
-0.21095824
0.69131124
-0.56479585
-0.18691838
-0.13598633
0.89967966
-0.5336884
0.041558266
0.77981746
-0.22549915
-0.9233463
-0.45738852
0.18475842
-0.7743585
0.3103472
-0.54239607
-0.760322
0.9837642
0.30495334
0.17249668
0.46175635
-0.5845704
0.9355117
0.9274095
0.89438975
-0.2056514
-0.41188598
-0.7680659
0.31978536
-0.24359596
-1.7795676
-0.5059848
1.5550654
-1.2855974
0.36877224
1.3640496
0.5053711
-0.5367244
-2.0274317
1.4863245
-1.1281699
-1.9463279
-0.48456112
0.3873937
0.86538243
0.06833021
-1.0536544
0.47980115
-0.82506025
-0.3690589
-0.25481498
-1.8475665
-2.5881186
1.5374488
-0.105851695
0.76469845
-1.9831499
0.6838694
1.5168562
2.084047
4.5130625
0.7877847
-4.1763816
-1.0319071
-0.5498713
-2.6964965
-0.002675404
4.0203476
0.8262209
-2.431424
-1.3094738
-1.8668029
-1.0607302
-3.388751
3.5155396
2.63297
2.3424902
1.766836
-0.054774888
-2.3846152
1.9174224
0.2677409
-0.48041236
0.45907736
-1.5490848
-2.9796286
-2.474587
-1.2938546
1.6610132
1.0444522
2.2599697
-0.06258516
-1.4176148
1.3247749
-3.3672523
-2.6338615
1.1519364
2.080851
0.117061965
-0.8153069
-0.6130761
0.23964147
1.9884983
-1.2728184
0.46657997
0.36660877
-0.34458694
-1.0420735
-1.7826741
2.1874156
-0.7125288
-0.8496837
-2.8202746
2.8025713
1.796923
2.0132506
1.3403281
1.150676
3.0316002
-5.2502785
-0.38515672
1.3465059
2.0928044
1.5582651
-5.238726
-1.8043051
2.0238583
0.36580715
-2.3937314
3.538931
-0.24342006
0.21937351
1.1998513
2.9354374
-0.07865932
0.024620114
-2.0500562
-4.3901362
2.582876
-0.40965718
-3.8779693
0.6129081
0.93932164
4.0768433
0.7657643
2.1008787
-0.6245819
-2.1143966
1.8504345
-1.7405214
1.6199834
-0.8574638
-2.0217948
-2.6970868
1.4782093
-0.35814512
-2.2270052
-0.28727973
0.67100865
0.09873406
-2.9696774
-3.3193944
1.0757154
-3.3246794
2.0146167
2.795756
0.58453965
-2.3912659
1.2157904
-2.5554988
0.68689686
-1.1694201
-0.82311124
0.28302985
-0.056102812
0.06938767
-0.4937249
-1.0921727
1.3187754
0.7383181
1.7866763
-1.048008
-2.2656138
3.3178241
-1.5457159
0.40969887
-2.8681757
2.6148334
-0.36555165
2.7409708
3.681714
2.011219
-3.335908
-0.8070325
-2.742988
-1.3027426
3.1628242
-0.45949873
4.1119747
0.28009087
-0.8723916
1.5420893
2.9152179
-2.8764594
-0.63143927
-2.4190776
0.58197707
3.0584517
-3.9567428
1.2781354
0.0068501434
2.9481788
0.9576095
0.7973524
-0.47520256
-3.163155
-0.72958845
2.3092241
-2.7194617
1.6351738
-1.7733471
2.9943151
1.0213404
3.2731616
0.50620157
0.39555368
-0.91167384
-2.730721
-0.13126138
-0.017718095
-3.6094642
1.8184617
2.3582606
-0.65897757
1.7439324
1.1977144
-0.45810053
-4.004762
-0.34858325
-3.0733361
1.7804203
1.276486
0.4445092
-3.6444418
-0.91808265
-0.20359786
3.8334663
0.8075794
1.5823593
0.6562732
0.7057655
-4.5522833
-2.7065759
3.2321749
0.52347714
1.8721712
-3.2320929
1.772052
0.2831361
1.0448037
1.6189936
-0.09114007
5.235012
0.062684566
-1.0093476
-2.2339916
4.186869
-5.3389087
-0.7154344
-4.92046
-1.8265952
2.4298067
-2.3741124
-3.5518866
0.11521561
5.878544
0.030680265
-0.43459958
-6.457571
2.6023705
-1.5661939
1.6681416
-6.9586964
1.8101038
1.1597192
4.8641343
0.017621009
3.164962
0.004171548
0.9273206
-2.103703
-6.1898227
3.077516
-4.016319
-5.25121
-2.6373632
-0.51855654
-0.23799346
1.166349
3.3312058
-1.0716566
-1.5912704
-1.9946458
0.7939586
-0.5110704
-0.46382397
-4.4068885
2.6357884
1.9025719
1.3221627
1.200229
-2.6610446
0.7934052
0.94780016
1.6171408
-2.2694721
-3.37272
3.0861285
3.9044437
0.9479755
4.1519613
5.1963477
0.30008477
2.787937
2.3374066
0.4859344
0.268611
-1.0052763
-5.9754276
-0.7390379
-3.8624754
0.6356046
1.1536745
0.99933434
-2.7571206
2.1482122
4.4460845
-6.344614
0.6385176
-2.7988596
5.9510255
-3.5285394
3.8268785
-0.95719415
2.0967171
-4.5137315
-1.6147002
-0.34506738
-1.0232284
-0.9248223
-1.510969
-0.43230155
2.6541827
-0.70263755
-2.4743855
1.1740452
2.8946602
-3.9350262
-2.8871122E-4
-1.072012
2.6047456
3.4006736
6.1882796
0.5338848
3.8956718
-0.7651884
2.8307388
-5.0107155
1.0644376
-2.6971993
-4.0594654
-5.7695937
-2.7393582
-7.465472
-3.8634272
-4.9225826
-3.3804948
-2.6569002
2.5349216
7.877389
-2.8291106
-3.3276024
-2.9225717
-4.9354563
-4.023914
-3.3002365
6.2659636
5.7093163
-3.3787255
-0.81791836
-5.838836
-5.887019
-1.4769022
1.1596966
-6.383811
4.30487
5.3239965
0.7230768
2.3706293
5.2443066
-6.1532006
-6.4528074
-4.3785877
-7.2473545
-8.034947
4.3953757
-3.92597
-6.3061767
1.2550379
2.249806
-1.0332803
0.13958435
-3.192232
-3.1573315
-3.3619292
-3.9894836
0.48786804
3.803745
1.2751548
1.5993131
-0.094870545
-1.701256
-3.318269
-3.9884398
4.443871
-1.0187382
2.6693084
-1.6054394
-2.5136323
-3.0975745
-1.1469901
-2.962135
6.289244
-2.6444468
1.8066789
-1.536271
-1.6875066
-2.0351424
-2.3899014
-1.7935654
-5.6251845
-6.587597
0.7996414
2.3780694
-6.8465805
-6.569678
0.213774
2.1717823
3.607441
2.6369789
-1.5096687
0.49374422
-7.810452
-3.4021199
3.8276403
1.6994292
-5.0820827
1.4215697
-3.5062377
-2.64264
-7.3122907
2.8744886
-5.9046574
1.6749492
-4.7999277
-4.3559604
-5.5631666
2.526696
-2.6143136
-4.935962
-5.7583556
3.5121214
1.2704127
-3.1650765
-5.6526203
-1.5534571
1.3813154
-4.423347
-5.467238
-1.1118846
3.0947413
-6.3758774
4.192694
-4.207749
3.8636267
-6.027771
4.2286234
-6.211508
-5.1700397
-7.245774
-3.3063684
-3.3889132
1.6517687
6.1717534
-6.0946317
-5.3206778
4.4303246
4.1841397
-5.606913
-2.8503392
4.206792
2.864412
-4.8025947
-2.9865115
-0.96420205
-4.4408894
-1.9339443
-7.9282274
0.12788387
-5.3739877
3.3195508
-5.115088
-5.6516013
-3.2918234
-1.111352
-3.9961526
-0.04773576
3.1175988
0.14581583
3.7450242
-2.2678547
-2.618445
-3.0419648
-7.6415815
-7.083342
-3.8546457
-2.4305544
-2.8819506
-7.7698584
-1.3530539
-5.163628
-3.0386941
-1.9270165
-2.651597
-2.0494385
-3.2156522
